 YEARDATE MONTHLY_COUNTS SMOOTH_COUNTS 
 -------- -------------- ------------- 
 200601      29572440.00   28386088.00
 200602      27199736.00   29621790.00
 200603      32093194.00   29508623.33
 200604      29232940.00   29556930.33
 200605      27344657.00   30100400.33
 200606      33723604.00   30990886.66
 200607      31904399.00   33134952.33
 200608      33776854.00   32378029.33
 200609      31452835.00   32840998.00
 200610      33293305.00   30849836.33
 200611      27803369.00   31206709.66
 200612      32523455.00   31679664.00
 200701      34712168.00   32961422.33
 200702      31648644.00   34481458.66
 200703      37083564.00   33794018.00
 200704      32649846.00   35171845.33
 200705      35782126.00   34308923.33
 200706      34494798.00   35344431.33
 200707      35756370.00   35655487.33
 200708      36715294.00   35158362.00
 200709      33003422.00   35774714.66
 200710      37605428.00   35278211.33
 200711      35225784.00   36539248.33
 200712      36786533.00   36577464.66
 200801      37720077.00   36551631.33
 200802      35148284.00   36696291.00
 200803      37220512.00   36473449.00
 200804      37051551.00   37268565.33
 200805      37533633.00   37213043.66
 200806      37053947.00   38189623.33
 200807      39981290.00   38118465.00
 200808      37320158.00   38617406.00
 200809      38550770.00   38831845.00
 200810      40624607.00   38313643.66
 200811      35765554.00   39812126.66
 200812      43046219.00   39026503.66
 200901      38267738.00   39437131.33
 200902      36997437.00   38977256.00
 200903      41666593.00   39729461.33
 200904      40524354.00   40728440.66
 200905      39994375.00   41031222.33
 200906      42574938.00   41669715.83
 200907      42439834.50   41401858.16
 200908      39190802.00   41048731.83
 200909      41515559.00   41104816.33
 200910      42608088.00   41448787.33
 200911      40222715.00   42730410.33
 200912      45360428.00   41521180.33
 201001      38980398.00   40731102.00
 201002      37852480.00   40719560.00
 201003      45325802.00   41872594.00
 201004      42439500.00   43082637.33
 201005      41482610.00   42933539.66
 201006      44878509.00   43315693.00
 201007      43585960.00   44238907.66
 201008      44252254.00   43985650.00
 201009      44118736.00   43975360.00
 201010      43555090.00   44621222.33
 201011      46189841.00   45564870.66
 201012      46949681.00   45946798.00
 201101      44700872.00   44569825.93
 201102      42058924.80   45350975.60
 201103      49293130.00   45008322.93
 201104      43672914.00   46360111.33
 201105      46114290.00   46053971.33
 201106      48374710.00   46163436.66
 201107      44001310.00   46893080.00
 201108      48303220.00   46363175.00
 201109      46784995.00   46918425.00
 201110      45667060.00   46017425.00
 201111      45600220.00   46003570.00
 201112      46743430.00   45753619.66
 201201      44917209.00   45030472.33
 201202      43430778.00   44619477.33
 201203      45510445.00   43849381.00
 201204      42606920.00   44899984.33
 201205      46582588.00   44413199.00
 201206      44050089.00   44925499.00
 201207      44143820.00   44750583.00
 201208      46057840.00   43720561.66
 201209      40960025.00   43772123.33
 201210      44298505.00   42869053.33
 201211      43348630.00   43118305.00
 201212      41707780.00   43053415.00
 201301      44103835.00   41365745.00
 201302      38285620.00   40682513.00
 201303      39658084.00   40088862.00
 201304      42322882.00   41738896.00
 201305      43235722.00   41568222.66
 201306      39146064.00   41835991.66
 201307      43126189.00   41297380.00
 201308      41619887.00   40470698.66
 201309      36666020.00   39911435.66
 201310      41448400.00   38027203.33
 201311      35967190.00   38611436.00
 201312      38418718.00   37425568.00
 201401      37890796.00   36565589.00
 201402      33387253.00   36187293.00
 201403      37283830.00   35875929.33
 201404      36956705.00   37215836.66
 201405      37406975.00   37176707.33
 201406      37166442.00   38626275.66
 201407      41305410.00   39242652.33
 201408      39256105.00   40097955.00
 201409      39732350.00   40183511.66
 201410      41562080.00   38927386.66
 201411      35487730.00   39755220.00
 201412      42215850.00   38851790.00
